Apple		1000			2504.75			1582.6401991608832
RedBull		254			1320.95			579.2420046923393
Activision		1256			2988.34			1937.3577470358953
Rockstar Games		4551			8454.36			6202.885809040821
SuckerPunch		269			5001.49			1159.9141390637499
GameStop		98			1339.24			362.2782356145618
Atari		101			2804.95			532.2592883172637
Hooters		315			314.64			314.8199485420198
7 Dragons		189			1001.95			435.16496871876075
12 brothers		1874			1335.95			1582.267455267914
Packard		11002			3662.57			6347.881153581879
Hawlett		12145			3025.42			6061.660325356412
Omniva		864			904.95			884.2379770174996
DPD		1236			704.95			933.444267216849
Zion		1584			677.12			1035.6437997690132
Pear		1055			1104.95			1079.6861812582395
Maxima		17457			1453.47			5037.184311696366
Microsoft		1548			2756.95			2065.8554160444046
Xiaomi		655			1904.95			1117.023835913988
Mapple		1057			2504.95			1627.185345927132
Dodgee		1034			1804.95			1366.132607033446
Google		10000			3704.95			6086.8300452698695
Samsung		987			4984.95			2218.140133084472
Hegelmann		270			1625.95			662.5756560574799
Ryterna		115			859.95			314.4745617693107
Facebook		1250			4044.95			2248.5967846637154
Apple		1000			2504.75			1582.6401991608832
RedBull		254			1320.95			579.2420046923393
Activision		1256			2988.34			1937.3577470358953
Rockstar Games		4551			8454.36			6202.885809040821
SuckerPunch		269			5001.49			1159.9141390637499
GameStop		98			1339.24			362.2782356145618
Atari		101			2804.95			532.2592883172637
7 Dragons		189			1001.95			435.16496871876075
12 brothers		1874			1335.95			1582.267455267914
DPD		1236			704.95			933.444267216849
Hooters		315			314.64			314.8199485420198
Packard		11002			3662.57			6347.881153581879
Omniva		864			904.95			884.2379770174996
Hawlett		12145			3025.42			6061.660325356412
Maxima		17457			1453.47			5037.184311696366
Zion		1584			677.12			1035.6437997690132
Pear		1055			1104.95			1079.6861812582395
Mapple		1057			2504.95			1627.185345927132
Microsoft		1548			2756.95			2065.8554160444046
Xiaomi		655			1904.95			1117.023835913988
Dodgee		1034			1804.95			1366.132607033446
Google		10000			3704.95			6086.8300452698695
Samsung		987			4984.95			2218.140133084472
Hegelmann		270			1625.95			662.5756560574799
Ryterna		115			859.95			314.4745617693107
Facebook		1250			4044.95			2248.5967846637154
